              precision    recall  f1-score   support

           0       0.47      0.82      0.60       300
           1       0.41      0.05      0.08       300
           2       0.58      0.21      0.30       300
           3       0.03      0.03      0.03       300
           4       0.16      0.05      0.08       300
           5       0.28      0.69      0.40       300
           6       0.31      0.34      0.33       298

    accuracy                           0.31      2098
   macro avg       0.32      0.31      0.26      2098
weighted avg       0.32      0.31      0.26      2098
