              precision    recall  f1-score   support

           0       0.23      0.23      0.23       900
           1       0.19      0.19      0.19       900
           2       0.26      0.25      0.26       900
           3       0.24      0.23      0.23       900
           4       0.26      0.30      0.28       900
           5       0.19      0.21      0.20       900
           6       0.24      0.24      0.24       900
           7       0.38      0.31      0.34       898

    accuracy                           0.24      7198
   macro avg       0.25      0.24      0.25      7198
weighted avg       0.25      0.24      0.25      7198
