              precision    recall  f1-score   support

           0       0.17      0.18      0.17       300
           1       0.14      0.13      0.14       300
           2       0.22      0.18      0.20       300
           3       0.08      0.09      0.09       300
           4       0.21      0.19      0.20       300
           5       0.16      0.16      0.16       300
           6       0.13      0.15      0.14       300
           7       0.25      0.25      0.25       298

    accuracy                           0.17      2398
   macro avg       0.17      0.17      0.17      2398
weighted avg       0.17      0.17      0.17      2398
