              precision    recall  f1-score   support

           0       0.33      0.35      0.34       300
           1       0.24      0.23      0.23       300
           2       0.27      0.28      0.27       300
           3       0.35      0.37      0.36       300
           4       0.43      0.63      0.51       300
           5       0.35      0.34      0.34       300
           6       0.37      0.34      0.35       300
           7       0.83      0.42      0.56       298

    accuracy                           0.37      2398
   macro avg       0.39      0.37      0.37      2398
weighted avg       0.39      0.37      0.37      2398
