              precision    recall  f1-score   support

           0       0.16      0.18      0.17       300
           1       0.20      0.23      0.22       300
           2       0.26      0.25      0.25       300
           3       0.33      0.26      0.29       300
           4       0.12      0.12      0.12       300
           5       0.16      0.19      0.18       300
           6       0.19      0.17      0.18       300
           7       0.25      0.22      0.24       298

    accuracy                           0.20      2398
   macro avg       0.21      0.20      0.21      2398
weighted avg       0.21      0.20      0.21      2398
