              precision    recall  f1-score   support

           0       0.18      0.30      0.23       300
           1       0.16      0.24      0.19       300
           2       0.17      0.16      0.16       300
           3       0.20      0.12      0.15       300
           4       0.20      0.20      0.20       300
           5       0.16      0.17      0.16       300
           6       0.22      0.13      0.16       300
           7       0.22      0.15      0.18       298

    accuracy                           0.18      2398
   macro avg       0.19      0.18      0.18      2398
weighted avg       0.19      0.18      0.18      2398
