              precision    recall  f1-score   support

           0       0.17      0.28      0.21       900
           1       0.17      0.23      0.19       900
           2       0.16      0.17      0.16       900
           3       0.17      0.13      0.15       900
           4       0.19      0.17      0.18       900
           5       0.15      0.13      0.14       900
           6       0.16      0.11      0.13       900
           7       0.23      0.13      0.17       898

    accuracy                           0.17      7198
   macro avg       0.17      0.17      0.17      7198
weighted avg       0.17      0.17      0.17      7198
