              precision    recall  f1-score   support

           0       0.25      0.35      0.29       300
           1       0.22      0.29      0.25       300
           2       0.23      0.22      0.23       300
           3       0.25      0.23      0.24       300
           4       0.34      0.41      0.37       300
           5       0.24      0.29      0.26       300
           6       0.27      0.20      0.23       300
           7       0.70      0.19      0.30       298

    accuracy                           0.27      2398
   macro avg       0.31      0.27      0.27      2398
weighted avg       0.31      0.27      0.27      2398
