              precision    recall  f1-score   support

           0       0.14      0.21      0.17       300
           1       0.15      0.19      0.17       300
           2       0.17      0.20      0.18       300
           3       0.15      0.10      0.12       300
           4       0.23      0.23      0.23       300
           5       0.23      0.18      0.20       300
           6       0.17      0.17      0.17       300
           7       0.24      0.18      0.21       298

    accuracy                           0.18      2398
   macro avg       0.19      0.18      0.18      2398
weighted avg       0.19      0.18      0.18      2398
