              precision    recall  f1-score   support

           0       0.20      0.17      0.18       900
           1       0.17      0.15      0.16       900
           2       0.20      0.15      0.17       900
           3       0.18      0.25      0.21       900
           4       0.15      0.15      0.15       900
           5       0.19      0.15      0.17       900
           6       0.18      0.21      0.19       900
           7       0.27      0.29      0.28       898

    accuracy                           0.19      7198
   macro avg       0.19      0.19      0.19      7198
weighted avg       0.19      0.19      0.19      7198
