              precision    recall  f1-score   support

           0       0.22      0.24      0.23       300
           1       0.15      0.14      0.14       300
           2       0.13      0.10      0.11       300
           3       0.14      0.17      0.16       300
           4       0.20      0.16      0.18       300
           5       0.18      0.19      0.18       300
           6       0.20      0.24      0.22       300
           7       0.42      0.44      0.43       298

    accuracy                           0.21      2398
   macro avg       0.21      0.21      0.21      2398
weighted avg       0.21      0.21      0.21      2398
