              precision    recall  f1-score   support

           0       0.35      0.43      0.39       300
           1       0.23      0.22      0.22       300
           2       0.26      0.24      0.25       300
           3       0.26      0.29      0.27       300
           4       0.47      0.60      0.53       300
           5       0.39      0.39      0.39       300
           6       0.33      0.33      0.33       300
           7       0.82      0.41      0.55       298

    accuracy                           0.36      2398
   macro avg       0.39      0.36      0.37      2398
weighted avg       0.39      0.36      0.37      2398
