              precision    recall  f1-score   support

           0       0.27      0.29      0.28       300
           1       0.21      0.23      0.22       300
           2       0.33      0.30      0.32       300
           3       0.40      0.31      0.35       300
           4       0.19      0.16      0.17       300
           5       0.21      0.28      0.24       300
           6       0.19      0.18      0.19       300
           7       0.35      0.36      0.36       298

    accuracy                           0.27      2398
   macro avg       0.27      0.27      0.27      2398
weighted avg       0.27      0.27      0.27      2398
