              precision    recall  f1-score   support

           0       0.24      0.30      0.27       300
           1       0.14      0.12      0.13       300
           2       0.16      0.15      0.16       300
           3       0.15      0.15      0.15       300
           4       0.25      0.21      0.23       300
           5       0.20      0.21      0.21       300
           6       0.20      0.23      0.22       300
           7       0.42      0.39      0.41       298

    accuracy                           0.22      2398
   macro avg       0.22      0.22      0.22      2398
weighted avg       0.22      0.22      0.22      2398
