              precision    recall  f1-score   support

           0       0.21      0.20      0.20       900
           1       0.18      0.17      0.17       900
           2       0.24      0.18      0.21       900
           3       0.18      0.25      0.21       900
           4       0.15      0.15      0.15       900
           5       0.22      0.17      0.19       900
           6       0.19      0.22      0.20       900
           7       0.26      0.26      0.26       898

    accuracy                           0.20      7198
   macro avg       0.20      0.20      0.20      7198
weighted avg       0.20      0.20      0.20      7198
