              precision    recall  f1-score   support

           0       0.35      0.46      0.40       300
           1       0.24      0.26      0.25       300
           2       0.29      0.27      0.28       300
           3       0.32      0.32      0.32       300
           4       0.45      0.65      0.53       300
           5       0.36      0.34      0.35       300
           6       0.34      0.32      0.33       300
           7       0.91      0.36      0.52       298

    accuracy                           0.37      2398
   macro avg       0.41      0.37      0.37      2398
weighted avg       0.41      0.37      0.37      2398
