              precision    recall  f1-score   support

           0       0.23      0.29      0.26       300
           1       0.22      0.24      0.23       300
           2       0.34      0.30      0.32       300
           3       0.38      0.24      0.30       300
           4       0.16      0.16      0.16       300
           5       0.19      0.25      0.22       300
           6       0.20      0.17      0.18       300
           7       0.34      0.31      0.33       298

    accuracy                           0.25      2398
   macro avg       0.26      0.25      0.25      2398
weighted avg       0.26      0.25      0.25      2398
