              precision    recall  f1-score   support

           0       0.59      0.63      0.61       599
           1       0.39      0.46      0.42       600
           2       0.52      0.53      0.53       600
           3       0.29      0.31      0.30       600
           4       0.44      0.47      0.46       600
           5       0.35      0.20      0.26       597

    accuracy                           0.43      3596
   macro avg       0.43      0.43      0.43      3596
weighted avg       0.43      0.43      0.43      3596
