              precision    recall  f1-score   support

           0       0.29      0.35      0.32       900
           1       0.20      0.20      0.20       900
           2       0.22      0.21      0.21       900
           3       0.29      0.22      0.25       900
           4       0.08      0.04      0.06       900
           5       0.20      0.23      0.21       900
           6       0.18      0.23      0.20       900
           7       0.28      0.30      0.29       898

    accuracy                           0.22      7198
   macro avg       0.22      0.22      0.22      7198
weighted avg       0.22      0.22      0.22      7198
