              precision    recall  f1-score   support

           0       0.15      0.15      0.15       300
           1       0.14      0.13      0.13       300
           2       0.11      0.13      0.12       300
           3       0.21      0.21      0.21       300
           4       0.09      0.06      0.07       300
           5       0.16      0.18      0.17       300
           6       0.12      0.13      0.12       300
           7       0.11      0.11      0.11       298

    accuracy                           0.14      2398
   macro avg       0.14      0.14      0.14      2398
weighted avg       0.14      0.14      0.14      2398
