              precision    recall  f1-score   support

           0       0.13      0.16      0.14       300
           1       0.15      0.16      0.16       300
           2       0.14      0.16      0.15       300
           3       0.15      0.11      0.13       300
           4       0.11      0.08      0.09       300
           5       0.16      0.18      0.17       300
           6       0.14      0.17      0.15       300
           7       0.29      0.24      0.27       298

    accuracy                           0.16      2398
   macro avg       0.16      0.16      0.16      2398
weighted avg       0.16      0.16      0.16      2398
