              precision    recall  f1-score   support

           0       0.48      0.72      0.58       300
           1       0.26      0.29      0.27       300
           2       0.32      0.32      0.32       300
           3       0.81      0.33      0.47       300
           4       0.17      0.01      0.02       300
           5       0.24      0.32      0.27       300
           6       0.27      0.40      0.32       300
           7       0.26      0.27      0.26       298

    accuracy                           0.33      2398
   macro avg       0.35      0.33      0.31      2398
weighted avg       0.35      0.33      0.31      2398
