              precision    recall  f1-score   support

           0       0.19      0.35      0.25       900
           1       0.18      0.23      0.20       900
           2       0.16      0.15      0.16       900
           3       0.17      0.14      0.16       900
           4       0.13      0.11      0.12       900
           5       0.19      0.16      0.17       900
           6       0.16      0.14      0.15       900
           7       0.21      0.11      0.15       898

    accuracy                           0.17      7198
   macro avg       0.17      0.17      0.17      7198
weighted avg       0.17      0.17      0.17      7198
