              precision    recall  f1-score   support

           0       0.13      0.27      0.17       300
           1       0.15      0.18      0.16       300
           2       0.15      0.14      0.14       300
           3       0.12      0.09      0.11       300
           4       0.12      0.10      0.11       300
           5       0.18      0.15      0.16       300
           6       0.19      0.16      0.18       300
           7       0.18      0.11      0.14       298

    accuracy                           0.15      2398
   macro avg       0.15      0.15      0.15      2398
weighted avg       0.15      0.15      0.15      2398
