              precision    recall  f1-score   support

           0       0.38      0.59      0.46       300
           1       0.25      0.33      0.29       300
           2       0.29      0.20      0.24       300
           3       0.56      0.24      0.34       300
           4       0.20      0.07      0.11       300
           5       0.21      0.30      0.25       300
           6       0.24      0.38      0.29       300
           7       0.32      0.22      0.26       298

    accuracy                           0.29      2398
   macro avg       0.31      0.29      0.28      2398
weighted avg       0.31      0.29      0.28      2398
