              precision    recall  f1-score   support

           0       0.14      0.25      0.18       300
           1       0.16      0.19      0.17       300
           2       0.14      0.16      0.15       300
           3       0.15      0.13      0.14       300
           4       0.08      0.05      0.06       300
           5       0.14      0.13      0.14       300
           6       0.14      0.13      0.13       300
           7       0.20      0.13      0.16       298

    accuracy                           0.15      2398
   macro avg       0.15      0.15      0.14      2398
weighted avg       0.15      0.15      0.14      2398
