              precision    recall  f1-score   support

           0       0.23      0.34      0.27       900
           1       0.19      0.18      0.18       900
           2       0.18      0.15      0.16       900
           3       0.23      0.16      0.19       900
           4       0.12      0.11      0.11       900
           5       0.21      0.18      0.19       900
           6       0.21      0.25      0.23       900
           7       0.21      0.23      0.22       898

    accuracy                           0.20      7198
   macro avg       0.20      0.20      0.20      7198
weighted avg       0.20      0.20      0.20      7198
