              precision    recall  f1-score   support

           0       0.20      0.30      0.24       300
           1       0.19      0.16      0.18       300
           2       0.21      0.20      0.20       300
           3       0.25      0.21      0.23       300
           4       0.07      0.04      0.05       300
           5       0.13      0.11      0.12       300
           6       0.22      0.27      0.24       300
           7       0.35      0.39      0.37       298

    accuracy                           0.21      2398
   macro avg       0.20      0.21      0.20      2398
weighted avg       0.20      0.21      0.20      2398
