              precision    recall  f1-score   support

           0       0.20      0.25      0.22       300
           1       0.26      0.26      0.26       300
           2       0.15      0.11      0.13       300
           3       0.18      0.16      0.17       300
           4       0.09      0.07      0.08       300
           5       0.19      0.16      0.17       300
           6       0.12      0.17      0.14       300
           7       0.14      0.16      0.15       298

    accuracy                           0.17      2398
   macro avg       0.17      0.17      0.16      2398
weighted avg       0.17      0.17      0.16      2398
