              precision    recall  f1-score   support

           0       0.51      0.87      0.65       300
           1       0.29      0.24      0.27       300
           2       0.35      0.32      0.33       300
           3       0.79      0.40      0.53       300
           4       0.05      0.00      0.01       300
           5       0.24      0.25      0.25       300
           6       0.25      0.51      0.34       300
           7       0.39      0.36      0.38       298

    accuracy                           0.37      2398
   macro avg       0.36      0.37      0.34      2398
weighted avg       0.36      0.37      0.34      2398
