              precision    recall  f1-score   support

           0       0.53      0.87      0.66       300
           1       0.28      0.24      0.26       300
           2       0.35      0.36      0.35       300
           3       0.84      0.37      0.52       300
           4       0.13      0.01      0.02       300
           5       0.26      0.25      0.26       300
           6       0.26      0.56      0.36       300
           7       0.42      0.35      0.38       298

    accuracy                           0.38      2398
   macro avg       0.38      0.38      0.35      2398
weighted avg       0.38      0.38      0.35      2398
