              precision    recall  f1-score   support

           0       0.21      0.36      0.26       300
           1       0.19      0.17      0.18       300
           2       0.20      0.19      0.20       300
           3       0.25      0.20      0.22       300
           4       0.08      0.04      0.05       300
           5       0.11      0.11      0.11       300
           6       0.21      0.24      0.22       300
           7       0.36      0.34      0.35       298

    accuracy                           0.21      2398
   macro avg       0.20      0.21      0.20      2398
weighted avg       0.20      0.21      0.20      2398
