              precision    recall  f1-score   support

           0       0.24      0.41      0.30       900
           1       0.20      0.18      0.19       900
           2       0.20      0.17      0.18       900
           3       0.27      0.20      0.23       900
           4       0.13      0.10      0.11       900
           5       0.20      0.16      0.18       900
           6       0.21      0.27      0.24       900
           7       0.24      0.21      0.23       898

    accuracy                           0.21      7198
   macro avg       0.21      0.21      0.21      7198
weighted avg       0.21      0.21      0.21      7198
