              precision    recall  f1-score   support

           0       0.18      0.26      0.21       300
           1       0.23      0.26      0.25       300
           2       0.18      0.15      0.16       300
           3       0.18      0.15      0.16       300
           4       0.09      0.05      0.07       300
           5       0.22      0.19      0.21       300
           6       0.10      0.13      0.12       300
           7       0.16      0.15      0.15       298

    accuracy                           0.17      2398
   macro avg       0.17      0.17      0.17      2398
weighted avg       0.17      0.17      0.17      2398
