              precision    recall  f1-score   support

           0       0.25      0.29      0.27       900
           1       0.34      0.25      0.29       900
           2       0.23      0.16      0.19       900
           3       0.26      0.43      0.32       900
           4       0.22      0.19      0.20       900
           5       0.25      0.22      0.23       900
           6       0.44      0.46      0.45       898

    accuracy                           0.28      6298
   macro avg       0.28      0.28      0.28      6298
weighted avg       0.28      0.28      0.28      6298
