              precision    recall  f1-score   support

           0       0.18      0.24      0.21       300
           1       0.30      0.24      0.27       300
           2       0.17      0.12      0.14       300
           3       0.23      0.34      0.27       300
           4       0.13      0.12      0.13       300
           5       0.16      0.15      0.15       300
           6       0.36      0.30      0.33       298

    accuracy                           0.22      2098
   macro avg       0.22      0.22      0.21      2098
weighted avg       0.22      0.22      0.21      2098
