              precision    recall  f1-score   support

           0       0.21      0.26      0.24       300
           1       0.28      0.24      0.26       300
           2       0.24      0.19      0.21       300
           3       0.15      0.25      0.19       300
           4       0.17      0.17      0.17       300
           5       0.19      0.15      0.17       300
           6       0.26      0.20      0.23       298

    accuracy                           0.21      2098
   macro avg       0.22      0.21      0.21      2098
weighted avg       0.22      0.21      0.21      2098
