              precision    recall  f1-score   support

           0       0.39      0.44      0.41       300
           1       0.35      0.22      0.27       300
           2       0.29      0.20      0.24       300
           3       0.43      0.67      0.52       300
           4       0.38      0.24      0.29       300
           5       0.41      0.37      0.39       300
           6       0.60      0.89      0.72       298

    accuracy                           0.43      2098
   macro avg       0.41      0.43      0.41      2098
weighted avg       0.41      0.43      0.41      2098
