              precision    recall  f1-score   support

           0       0.18      0.43      0.26       900
           1       0.22      0.17      0.19       900
           2       0.17      0.11      0.14       900
           3       0.20      0.33      0.25       900
           4       0.16      0.09      0.11       900
           5       0.19      0.10      0.13       900
           6       0.29      0.13      0.18       898

    accuracy                           0.19      6298
   macro avg       0.20      0.19      0.18      6298
weighted avg       0.20      0.19      0.18      6298
