              precision    recall  f1-score   support

           0       0.18      0.42      0.25       300
           1       0.22      0.14      0.17       300
           2       0.22      0.13      0.16       300
           3       0.23      0.40      0.29       300
           4       0.18      0.09      0.12       300
           5       0.21      0.13      0.16       300
           6       0.37      0.21      0.27       298

    accuracy                           0.22      2098
   macro avg       0.23      0.22      0.20      2098
weighted avg       0.23      0.22      0.20      2098
