              precision    recall  f1-score   support

           0       0.31      0.57      0.40       300
           1       0.43      0.24      0.31       300
           2       0.20      0.09      0.12       300
           3       0.35      0.57      0.43       300
           4       0.33      0.27      0.30       300
           5       0.32      0.29      0.31       300
           6       0.62      0.52      0.56       298

    accuracy                           0.36      2098
   macro avg       0.37      0.36      0.35      2098
weighted avg       0.37      0.36      0.35      2098
