              precision    recall  f1-score   support

           0       0.21      0.42      0.28       300
           1       0.28      0.22      0.25       300
           2       0.20      0.12      0.15       300
           3       0.17      0.28      0.21       300
           4       0.17      0.12      0.14       300
           5       0.21      0.14      0.17       300
           6       0.31      0.16      0.21       298

    accuracy                           0.21      2098
   macro avg       0.22      0.21      0.20      2098
weighted avg       0.22      0.21      0.20      2098
