              precision    recall  f1-score   support

           0       0.24      0.49      0.32       900
           1       0.22      0.03      0.05       900
           2       0.23      0.04      0.07       900
           3       0.19      0.51      0.27       900
           4       0.19      0.06      0.09       900
           5       0.24      0.12      0.16       900
           6       0.31      0.33      0.32       898

    accuracy                           0.23      6298
   macro avg       0.23      0.23      0.18      6298
weighted avg       0.23      0.23      0.18      6298
