              precision    recall  f1-score   support

           0       0.20      0.34      0.25       300
           1       0.23      0.12      0.16       300
           2       0.27      0.11      0.16       300
           3       0.25      0.52      0.34       300
           4       0.22      0.15      0.18       300
           5       0.23      0.16      0.19       300
           6       0.39      0.40      0.39       298

    accuracy                           0.26      2098
   macro avg       0.26      0.26      0.24      2098
weighted avg       0.26      0.26      0.24      2098
