              precision    recall  f1-score   support

           0       0.33      0.50      0.40       300
           1       0.33      0.09      0.14       300
           2       0.34      0.23      0.27       300
           3       0.23      0.55      0.32       300
           4       0.18      0.12      0.15       300
           5       0.20      0.12      0.15       300
           6       0.42      0.36      0.39       298

    accuracy                           0.28      2098
   macro avg       0.29      0.28      0.26      2098
weighted avg       0.29      0.28      0.26      2098
