              precision    recall  f1-score   support

           0       0.41      0.62      0.49       300
           1       0.48      0.24      0.32       300
           2       0.25      0.09      0.14       300
           3       0.46      0.90      0.61       300
           4       0.61      0.25      0.36       300
           5       0.46      0.34      0.39       300
           6       0.59      0.89      0.71       298

    accuracy                           0.48      2098
   macro avg       0.47      0.48      0.43      2098
weighted avg       0.47      0.48      0.43      2098
