              precision    recall  f1-score   support

           0       0.19      0.32      0.24       300
           1       0.23      0.14      0.17       300
           2       0.19      0.08      0.12       300
           3       0.25      0.54      0.34       300
           4       0.18      0.11      0.14       300
           5       0.26      0.16      0.20       300
           6       0.42      0.39      0.40       298

    accuracy                           0.25      2098
   macro avg       0.25      0.25      0.23      2098
weighted avg       0.25      0.25      0.23      2098
