              precision    recall  f1-score   support

           0       0.33      0.50      0.40       300
           1       0.30      0.08      0.13       300
           2       0.29      0.19      0.23       300
           3       0.20      0.54      0.30       300
           4       0.20      0.11      0.14       300
           5       0.23      0.13      0.16       300
           6       0.44      0.33      0.38       298

    accuracy                           0.27      2098
   macro avg       0.28      0.27      0.25      2098
weighted avg       0.28      0.27      0.25      2098
