              precision    recall  f1-score   support

           0       0.42      0.66      0.51       300
           1       0.47      0.22      0.30       300
           2       0.30      0.12      0.17       300
           3       0.50      0.90      0.65       300
           4       0.64      0.25      0.36       300
           5       0.46      0.43      0.44       300
           6       0.64      0.90      0.75       298

    accuracy                           0.50      2098
   macro avg       0.49      0.50      0.46      2098
weighted avg       0.49      0.50      0.46      2098
