              precision    recall  f1-score   support

           0       0.23      0.53      0.32       900
           1       1.00      0.00      0.00       900
           2       0.09      0.01      0.01       900
           3       0.18      0.67      0.28       900
           4       0.27      0.02      0.03       900
           5       0.23      0.03      0.06       900
           6       0.37      0.25      0.30       898

    accuracy                           0.21      6298
   macro avg       0.34      0.21      0.14      6298
weighted avg       0.34      0.21      0.14      6298
