              precision    recall  f1-score   support

           0       0.52      0.70      0.60       300
           1       0.39      0.40      0.39       300
           2       0.38      0.48      0.42       300
           3       0.14      0.14      0.14       300
           4       0.54      0.67      0.60       300
           5       0.41      0.04      0.07       298

    accuracy                           0.41      1798
   macro avg       0.40      0.41      0.37      1798
weighted avg       0.40      0.41      0.37      1798
