              precision    recall  f1-score   support

           0       0.52      0.70      0.60       599
           1       0.32      0.32      0.32       600
           2       0.27      0.35      0.31       600
           3       0.23      0.27      0.25       600
           4       0.32      0.25      0.28       600
           5       0.37      0.24      0.29       600
           6       0.35      0.25      0.29       597

    accuracy                           0.34      4196
   macro avg       0.34      0.34      0.33      4196
weighted avg       0.34      0.34      0.33      4196
