              precision    recall  f1-score   support

           0       0.26      0.31      0.28       900
           1       0.21      0.24      0.22       900
           2       0.23      0.24      0.24       900
           3       0.21      0.21      0.21       900
           4       0.17      0.17      0.17       900
           5       0.12      0.12      0.12       900
           6       0.20      0.20      0.20       900
           7       0.23      0.16      0.18       898

    accuracy                           0.21      7198
   macro avg       0.20      0.21      0.20      7198
weighted avg       0.20      0.21      0.20      7198
