              precision    recall  f1-score   support

           0       0.39      0.51      0.44       300
           1       0.23      0.26      0.24       300
           2       0.31      0.33      0.32       300
           3       0.24      0.24      0.24       300
           4       0.25      0.26      0.26       300
           5       0.17      0.18      0.17       300
           6       0.29      0.33      0.31       300
           7       0.69      0.20      0.32       298

    accuracy                           0.29      2398
   macro avg       0.32      0.29      0.29      2398
weighted avg       0.32      0.29      0.29      2398
