              precision    recall  f1-score   support

           0       0.23      0.28      0.25       300
           1       0.16      0.20      0.18       300
           2       0.32      0.31      0.31       300
           3       0.22      0.22      0.22       300
           4       0.19      0.17      0.18       300
           5       0.11      0.12      0.12       300
           6       0.09      0.08      0.08       300
           7       0.18      0.14      0.16       298

    accuracy                           0.19      2398
   macro avg       0.19      0.19      0.19      2398
weighted avg       0.19      0.19      0.19      2398
