              precision    recall  f1-score   support

           0       0.24      0.26      0.25       300
           1       0.20      0.22      0.21       300
           2       0.18      0.18      0.18       300
           3       0.21      0.17      0.19       300
           4       0.12      0.16      0.14       300
           5       0.10      0.09      0.10       300
           6       0.13      0.13      0.13       300
           7       0.10      0.08      0.09       298

    accuracy                           0.16      2398
   macro avg       0.16      0.16      0.16      2398
weighted avg       0.16      0.16      0.16      2398
