              precision    recall  f1-score   support

           0       0.23      0.46      0.30       300
           1       0.15      0.20      0.17       300
           2       0.11      0.09      0.10       300
           3       0.21      0.15      0.17       300
           4       0.16      0.16      0.16       300
           5       0.12      0.10      0.11       300
           6       0.18      0.11      0.14       300
           7       0.19      0.12      0.14       298

    accuracy                           0.17      2398
   macro avg       0.17      0.17      0.16      2398
weighted avg       0.17      0.17      0.16      2398
