              precision    recall  f1-score   support

           0       0.27      0.45      0.34       300
           1       0.19      0.27      0.23       300
           2       0.18      0.21      0.19       300
           3       0.27      0.29      0.28       300
           4       0.17      0.18      0.17       300
           5       0.19      0.13      0.16       300
           6       0.29      0.19      0.23       300
           7       0.52      0.09      0.15       298

    accuracy                           0.23      2398
   macro avg       0.26      0.23      0.22      2398
weighted avg       0.26      0.23      0.22      2398
