              precision    recall  f1-score   support

           0       0.21      0.39      0.27       900
           1       0.15      0.23      0.19       900
           2       0.14      0.14      0.14       900
           3       0.17      0.17      0.17       900
           4       0.12      0.11      0.11       900
           5       0.10      0.07      0.08       900
           6       0.17      0.09      0.12       900
           7       0.21      0.10      0.14       898

    accuracy                           0.16      7198
   macro avg       0.16      0.16      0.15      7198
weighted avg       0.16      0.16      0.15      7198
