              precision    recall  f1-score   support

           0       0.21      0.42      0.28       300
           1       0.15      0.19      0.16       300
           2       0.18      0.17      0.17       300
           3       0.21      0.21      0.21       300
           4       0.14      0.12      0.13       300
           5       0.08      0.05      0.07       300
           6       0.14      0.09      0.11       300
           7       0.18      0.11      0.14       298

    accuracy                           0.17      2398
   macro avg       0.16      0.17      0.16      2398
weighted avg       0.16      0.17      0.16      2398
