              precision    recall  f1-score   support

           0       0.26      0.48      0.34       900
           1       0.19      0.21      0.20       900
           2       0.18      0.17      0.18       900
           3       0.18      0.18      0.18       900
           4       0.12      0.08      0.09       900
           5       0.12      0.11      0.11       900
           6       0.24      0.17      0.20       900
           7       0.21      0.19      0.20       898

    accuracy                           0.20      7198
   macro avg       0.19      0.20      0.19      7198
weighted avg       0.19      0.20      0.19      7198
