              precision    recall  f1-score   support

           0       0.43      0.63      0.51       300
           1       0.29      0.35      0.31       300
           2       0.36      0.37      0.36       300
           3       0.28      0.26      0.27       300
           4       0.32      0.30      0.31       300
           5       0.20      0.17      0.18       300
           6       0.30      0.40      0.34       300
           7       0.69      0.16      0.26       298

    accuracy                           0.33      2398
   macro avg       0.36      0.33      0.32      2398
weighted avg       0.36      0.33      0.32      2398
