              precision    recall  f1-score   support

           0       0.29      0.46      0.35       300
           1       0.19      0.18      0.18       300
           2       0.21      0.27      0.24       300
           3       0.18      0.17      0.18       300
           4       0.13      0.09      0.11       300
           5       0.10      0.08      0.09       300
           6       0.22      0.21      0.22       300
           7       0.16      0.11      0.13       298

    accuracy                           0.20      2398
   macro avg       0.18      0.20      0.19      2398
weighted avg       0.18      0.20      0.19      2398
