              precision    recall  f1-score   support

           0       0.26      0.36      0.30       300
           1       0.20      0.24      0.22       300
           2       0.33      0.35      0.34       300
           3       0.27      0.25      0.26       300
           4       0.14      0.11      0.13       300
           5       0.09      0.10      0.10       300
           6       0.12      0.09      0.10       300
           7       0.23      0.18      0.20       298

    accuracy                           0.21      2398
   macro avg       0.21      0.21      0.21      2398
weighted avg       0.21      0.21      0.21      2398
