              precision    recall  f1-score   support

           0       0.30      0.47      0.36       300
           1       0.20      0.22      0.21       300
           2       0.22      0.30      0.25       300
           3       0.16      0.13      0.15       300
           4       0.12      0.09      0.11       300
           5       0.09      0.08      0.08       300
           6       0.22      0.16      0.19       300
           7       0.14      0.09      0.11       298

    accuracy                           0.19      2398
   macro avg       0.18      0.19      0.18      2398
weighted avg       0.18      0.19      0.18      2398
