              precision    recall  f1-score   support

           0       0.41      0.58      0.48       300
           1       0.31      0.39      0.35       300
           2       0.37      0.39      0.38       300
           3       0.30      0.30      0.30       300
           4       0.33      0.32      0.32       300
           5       0.19      0.15      0.17       300
           6       0.27      0.37      0.31       300
           7       0.61      0.09      0.16       298

    accuracy                           0.32      2398
   macro avg       0.35      0.32      0.31      2398
weighted avg       0.35      0.32      0.31      2398
