              precision    recall  f1-score   support

           0       0.27      0.49      0.35       900
           1       0.19      0.22      0.20       900
           2       0.18      0.18      0.18       900
           3       0.18      0.17      0.17       900
           4       0.12      0.08      0.10       900
           5       0.12      0.10      0.11       900
           6       0.23      0.16      0.19       900
           7       0.20      0.15      0.17       898

    accuracy                           0.20      7198
   macro avg       0.19      0.20      0.18      7198
weighted avg       0.19      0.20      0.18      7198
