              precision    recall  f1-score   support

           0       0.27      0.42      0.33       300
           1       0.23      0.29      0.26       300
           2       0.31      0.30      0.30       300
           3       0.25      0.26      0.26       300
           4       0.17      0.14      0.15       300
           5       0.09      0.09      0.09       300
           6       0.16      0.11      0.13       300
           7       0.24      0.16      0.19       298

    accuracy                           0.22      2398
   macro avg       0.21      0.22      0.21      2398
weighted avg       0.21      0.22      0.21      2398
