              precision    recall  f1-score   support

           0       0.41      0.41      0.41       900
           1       0.24      0.30      0.26       900
           2       0.23      0.17      0.19       900
           3       0.24      0.33      0.28       900
           4       0.31      0.34      0.33       900
           5       0.29      0.16      0.20       898

    accuracy                           0.28      5398
   macro avg       0.29      0.28      0.28      5398
weighted avg       0.29      0.28      0.28      5398
