              precision    recall  f1-score   support

           0       0.62      0.70      0.66       300
           1       0.34      0.33      0.34       300
           2       0.39      0.25      0.31       300
           3       0.36      0.42      0.39       300
           4       0.45      0.51      0.48       300
           5       0.84      0.79      0.81       298

    accuracy                           0.50      1798
   macro avg       0.50      0.50      0.50      1798
weighted avg       0.50      0.50      0.50      1798
