              precision    recall  f1-score   support

           0       0.38      0.36      0.37       300
           1       0.22      0.25      0.23       300
           2       0.21      0.17      0.19       300
           3       0.24      0.32      0.27       300
           4       0.22      0.27      0.24       300
           5       0.18      0.10      0.13       298

    accuracy                           0.24      1798
   macro avg       0.24      0.24      0.24      1798
weighted avg       0.24      0.24      0.24      1798
