              precision    recall  f1-score   support

           0       0.30      0.32      0.31       300
           1       0.16      0.21      0.18       300
           2       0.27      0.17      0.21       300
           3       0.18      0.24      0.21       300
           4       0.20      0.22      0.21       300
           5       0.16      0.09      0.11       298

    accuracy                           0.21      1798
   macro avg       0.21      0.21      0.21      1798
weighted avg       0.21      0.21      0.21      1798
