              precision    recall  f1-score   support

           0       0.42      0.64      0.50       300
           1       0.23      0.29      0.25       300
           2       0.35      0.16      0.22       300
           3       0.29      0.31      0.30       300
           4       0.34      0.34      0.34       300
           5       0.81      0.54      0.65       298

    accuracy                           0.38      1798
   macro avg       0.40      0.38      0.38      1798
weighted avg       0.40      0.38      0.38      1798
