              precision    recall  f1-score   support

           0       0.30      0.48      0.37       300
           1       0.18      0.22      0.20       300
           2       0.26      0.15      0.19       300
           3       0.22      0.31      0.26       300
           4       0.24      0.23      0.23       300
           5       0.27      0.07      0.12       298

    accuracy                           0.24      1798
   macro avg       0.25      0.24      0.23      1798
weighted avg       0.25      0.24      0.23      1798
