              precision    recall  f1-score   support

           0       0.28      0.49      0.36       900
           1       0.18      0.23      0.20       900
           2       0.25      0.11      0.15       900
           3       0.20      0.26      0.23       900
           4       0.21      0.21      0.21       900
           5       0.42      0.11      0.18       898

    accuracy                           0.24      5398
   macro avg       0.26      0.24      0.22      5398
weighted avg       0.26      0.24      0.22      5398
