              precision    recall  f1-score   support

           0       0.29      0.54      0.38       300
           1       0.19      0.22      0.20       300
           2       0.35      0.13      0.19       300
           3       0.19      0.26      0.22       300
           4       0.26      0.27      0.27       300
           5       0.30      0.06      0.10       298

    accuracy                           0.25      1798
   macro avg       0.26      0.25      0.23      1798
weighted avg       0.26      0.25      0.23      1798
