              precision    recall  f1-score   support

           0       0.45      0.62      0.52       900
           1       0.23      0.20      0.21       900
           2       0.31      0.03      0.06       900
           3       0.20      0.32      0.24       900
           4       0.28      0.51      0.36       900
           5       0.66      0.16      0.26       898

    accuracy                           0.31      5398
   macro avg       0.36      0.31      0.28      5398
weighted avg       0.36      0.31      0.28      5398
