              precision    recall  f1-score   support

           0       0.50      0.54      0.52       300
           1       0.29      0.32      0.30       300
           2       0.28      0.14      0.19       300
           3       0.28      0.42      0.33       300
           4       0.32      0.50      0.39       300
           5       0.51      0.13      0.20       298

    accuracy                           0.34      1798
   macro avg       0.36      0.34      0.32      1798
weighted avg       0.36      0.34      0.32      1798
