              precision    recall  f1-score   support

           0       0.68      0.78      0.73       300
           1       0.44      0.44      0.44       300
           2       0.49      0.20      0.28       300
           3       0.41      0.52      0.46       300
           4       0.58      0.63      0.60       300
           5       0.88      0.94      0.91       298

    accuracy                           0.59      1798
   macro avg       0.58      0.59      0.57      1798
weighted avg       0.58      0.59      0.57      1798
