              precision    recall  f1-score   support

           0       0.46      0.60      0.52       300
           1       0.32      0.32      0.32       300
           2       0.40      0.09      0.15       300
           3       0.21      0.41      0.28       300
           4       0.35      0.44      0.39       300
           5       0.19      0.06      0.09       298

    accuracy                           0.32      1798
   macro avg       0.32      0.32      0.29      1798
weighted avg       0.32      0.32      0.29      1798
