              precision    recall  f1-score   support

           0       0.49      0.56      0.52       300
           1       0.29      0.37      0.33       300
           2       0.31      0.16      0.21       300
           3       0.28      0.37      0.32       300
           4       0.31      0.46      0.37       300
           5       0.51      0.12      0.20       298

    accuracy                           0.34      1798
   macro avg       0.36      0.34      0.32      1798
weighted avg       0.36      0.34      0.32      1798
