              precision    recall  f1-score   support

           0       0.71      0.77      0.74       300
           1       0.46      0.53      0.49       300
           2       0.44      0.25      0.32       300
           3       0.44      0.54      0.48       300
           4       0.65      0.62      0.64       300
           5       0.90      0.94      0.92       298

    accuracy                           0.61      1798
   macro avg       0.60      0.61      0.60      1798
weighted avg       0.60      0.61      0.60      1798
