              precision    recall  f1-score   support

           0       0.42      0.61      0.50       300
           1       0.29      0.35      0.32       300
           2       0.39      0.04      0.07       300
           3       0.21      0.37      0.27       300
           4       0.35      0.42      0.38       300
           5       0.20      0.05      0.08       298

    accuracy                           0.31      1798
   macro avg       0.31      0.31      0.27      1798
weighted avg       0.31      0.31      0.27      1798
