              precision    recall  f1-score   support

           0       0.44      0.64      0.52       900
           1       0.25      0.23      0.24       900
           2       0.00      0.00      0.00       900
           3       0.19      0.34      0.24       900
           4       0.27      0.49      0.35       900
           5       0.00      0.00      0.00       898

    accuracy                           0.29      5398
   macro avg       0.19      0.29      0.23      5398
weighted avg       0.19      0.29      0.23      5398
