              precision    recall  f1-score   support

           0       0.29      0.30      0.30       900
           1       0.32      0.41      0.36       900
           2       0.32      0.20      0.25       900
           3       0.33      0.39      0.36       900
           4       0.34      0.42      0.37       900
           5       0.55      0.36      0.44       898

    accuracy                           0.35      5398
   macro avg       0.36      0.35      0.35      5398
weighted avg       0.36      0.35      0.35      5398
