              precision    recall  f1-score   support

           0       0.26      0.29      0.27       300
           1       0.31      0.41      0.35       300
           2       0.32      0.18      0.23       300
           3       0.29      0.31      0.30       300
           4       0.25      0.31      0.28       300
           5       0.27      0.17      0.21       298

    accuracy                           0.28      1798
   macro avg       0.28      0.28      0.27      1798
weighted avg       0.28      0.28      0.27      1798
