              precision    recall  f1-score   support

           0       0.37      0.40      0.39       300
           1       0.33      0.38      0.35       300
           2       0.52      0.36      0.42       300
           3       0.58      0.62      0.60       300
           4       0.52      0.58      0.55       300
           5       0.79      0.66      0.72       298

    accuracy                           0.50      1798
   macro avg       0.52      0.50      0.51      1798
weighted avg       0.52      0.50      0.51      1798
