              precision    recall  f1-score   support

           0       0.20      0.21      0.20       300
           1       0.34      0.41      0.37       300
           2       0.19      0.13      0.16       300
           3       0.21      0.25      0.23       300
           4       0.29      0.38      0.33       300
           5       0.43      0.24      0.31       298

    accuracy                           0.27      1798
   macro avg       0.28      0.27      0.27      1798
weighted avg       0.28      0.27      0.27      1798
