              precision    recall  f1-score   support

           0       0.21      0.32      0.25       300
           1       0.23      0.32      0.27       300
           2       0.24      0.08      0.12       300
           3       0.22      0.23      0.23       300
           4       0.26      0.35      0.29       300
           5       0.35      0.12      0.18       298

    accuracy                           0.24      1798
   macro avg       0.25      0.24      0.22      1798
weighted avg       0.25      0.24      0.22      1798
