              precision    recall  f1-score   support

           0       0.32      0.48      0.39       300
           1       0.36      0.50      0.41       300
           2       0.44      0.13      0.20       300
           3       0.43      0.47      0.45       300
           4       0.38      0.52      0.44       300
           5       0.80      0.28      0.41       298

    accuracy                           0.40      1798
   macro avg       0.46      0.40      0.38      1798
weighted avg       0.46      0.40      0.38      1798
