              precision    recall  f1-score   support

           0       0.21      0.35      0.27       900
           1       0.22      0.31      0.26       900
           2       0.24      0.09      0.13       900
           3       0.24      0.27      0.25       900
           4       0.23      0.25      0.24       900
           5       0.32      0.10      0.15       898

    accuracy                           0.23      5398
   macro avg       0.24      0.23      0.22      5398
weighted avg       0.24      0.23      0.22      5398
