              precision    recall  f1-score   support

           0       0.24      0.32      0.27       300
           1       0.28      0.42      0.33       300
           2       0.29      0.13      0.18       300
           3       0.26      0.31      0.29       300
           4       0.20      0.24      0.22       300
           5       0.32      0.10      0.15       298

    accuracy                           0.25      1798
   macro avg       0.27      0.25      0.24      1798
weighted avg       0.27      0.25      0.24      1798
