              precision    recall  f1-score   support

           0       0.27      0.35      0.30       900
           1       0.26      0.34      0.29       900
           2       0.36      0.02      0.04       900
           3       0.23      0.26      0.25       900
           4       0.27      0.52      0.36       900
           5       0.37      0.09      0.14       898

    accuracy                           0.27      5398
   macro avg       0.29      0.27      0.23      5398
weighted avg       0.29      0.27      0.23      5398
