              precision    recall  f1-score   support

           0       0.27      0.26      0.26       300
           1       0.26      0.38      0.31       300
           2       0.43      0.05      0.09       300
           3       0.26      0.27      0.26       300
           4       0.29      0.51      0.37       300
           5       0.45      0.29      0.35       298

    accuracy                           0.29      1798
   macro avg       0.33      0.29      0.28      1798
weighted avg       0.33      0.29      0.28      1798
