              precision    recall  f1-score   support

           0       0.42      0.39      0.41       300
           1       0.33      0.56      0.42       300
           2       0.53      0.20      0.29       300
           3       0.27      0.28      0.28       300
           4       0.26      0.37      0.31       300
           5       0.49      0.26      0.34       298

    accuracy                           0.34      1798
   macro avg       0.38      0.34      0.34      1798
weighted avg       0.38      0.34      0.34      1798
