              precision    recall  f1-score   support

           0       0.42      0.44      0.43       300
           1       0.40      0.61      0.48       300
           2       0.47      0.20      0.28       300
           3       0.57      0.55      0.56       300
           4       0.60      0.70      0.64       300
           5       0.91      0.78      0.84       298

    accuracy                           0.55      1798
   macro avg       0.56      0.55      0.54      1798
weighted avg       0.56      0.55      0.54      1798
