              precision    recall  f1-score   support

           0       0.39      0.38      0.39       300
           1       0.32      0.55      0.41       300
           2       0.50      0.19      0.27       300
           3       0.29      0.29      0.29       300
           4       0.27      0.38      0.32       300
           5       0.52      0.26      0.34       298

    accuracy                           0.34      1798
   macro avg       0.38      0.34      0.34      1798
weighted avg       0.38      0.34      0.34      1798
