              precision    recall  f1-score   support

           0       0.23      0.24      0.24       300
           1       0.27      0.39      0.32       300
           2       0.50      0.08      0.13       300
           3       0.25      0.22      0.23       300
           4       0.29      0.53      0.37       300
           5       0.48      0.29      0.36       298

    accuracy                           0.29      1798
   macro avg       0.34      0.29      0.28      1798
weighted avg       0.34      0.29      0.28      1798
