              precision    recall  f1-score   support

           0       0.44      0.49      0.46       300
           1       0.40      0.57      0.47       300
           2       0.55      0.30      0.39       300
           3       0.65      0.61      0.63       300
           4       0.63      0.71      0.67       300
           5       0.93      0.78      0.85       298

    accuracy                           0.58      1798
   macro avg       0.60      0.58      0.58      1798
weighted avg       0.60      0.58      0.58      1798
