              precision    recall  f1-score   support

           0       0.27      0.37      0.31       900
           1       0.28      0.39      0.33       900
           2       0.50      0.00      0.00       900
           3       0.26      0.27      0.27       900
           4       0.26      0.57      0.36       900
           5       0.00      0.00      0.00       898

    accuracy                           0.27      5398
   macro avg       0.26      0.27      0.21      5398
weighted avg       0.26      0.27      0.21      5398
