              precision    recall  f1-score   support

           0       0.35      0.47      0.40       900
           1       0.13      0.10      0.11       900
           2       0.24      0.20      0.22       900
           3       0.20      0.29      0.23       900
           4       0.16      0.12      0.14       900
           5       0.25      0.22      0.23       900
           6       0.38      0.37      0.38       898

    accuracy                           0.25      6298
   macro avg       0.24      0.25      0.24      6298
weighted avg       0.24      0.25      0.24      6298
