              precision    recall  f1-score   support

           0       0.54      0.69      0.61       300
           1       0.24      0.16      0.19       300
           2       0.37      0.33      0.35       300
           3       0.31      0.41      0.35       300
           4       0.22      0.13      0.16       300
           5       0.39      0.37      0.38       300
           6       0.63      0.85      0.72       298

    accuracy                           0.42      2098
   macro avg       0.39      0.42      0.39      2098
weighted avg       0.39      0.42      0.39      2098
