              precision    recall  f1-score   support

           0       0.25      0.38      0.30       300
           1       0.12      0.10      0.11       300
           2       0.18      0.14      0.16       300
           3       0.17      0.26      0.21       300
           4       0.16      0.11      0.13       300
           5       0.18      0.15      0.16       300
           6       0.13      0.10      0.11       298

    accuracy                           0.18      2098
   macro avg       0.17      0.18      0.17      2098
weighted avg       0.17      0.18      0.17      2098
