              precision    recall  f1-score   support

           0       0.30      0.35      0.32       300
           1       0.05      0.05      0.05       300
           2       0.24      0.20      0.22       300
           3       0.18      0.29      0.22       300
           4       0.14      0.10      0.11       300
           5       0.10      0.09      0.09       300
           6       0.21      0.18      0.20       298

    accuracy                           0.18      2098
   macro avg       0.17      0.18      0.17      2098
weighted avg       0.17      0.18      0.17      2098
