              precision    recall  f1-score   support

           0       0.25      0.55      0.34       300
           1       0.12      0.08      0.10       300
           2       0.21      0.14      0.17       300
           3       0.15      0.30      0.20       300
           4       0.11      0.05      0.07       300
           5       0.12      0.06      0.08       300
           6       0.24      0.12      0.16       298

    accuracy                           0.19      2098
   macro avg       0.17      0.19      0.16      2098
weighted avg       0.17      0.19      0.16      2098
