              precision    recall  f1-score   support

           0       0.24      0.59      0.34       900
           1       0.15      0.10      0.12       900
           2       0.21      0.13      0.16       900
           3       0.15      0.28      0.20       900
           4       0.15      0.07      0.10       900
           5       0.17      0.08      0.11       900
           6       0.32      0.12      0.18       898

    accuracy                           0.20      6298
   macro avg       0.20      0.20      0.17      6298
weighted avg       0.20      0.20      0.17      6298
