              precision    recall  f1-score   support

           0       0.36      0.68      0.47       300
           1       0.23      0.12      0.16       300
           2       0.33      0.21      0.26       300
           3       0.19      0.37      0.25       300
           4       0.19      0.10      0.13       300
           5       0.38      0.25      0.30       300
           6       0.76      0.65      0.71       298

    accuracy                           0.34      2098
   macro avg       0.35      0.34      0.32      2098
weighted avg       0.35      0.34      0.32      2098
