              precision    recall  f1-score   support

           0       0.23      0.59      0.33       300
           1       0.16      0.11      0.13       300
           2       0.26      0.16      0.20       300
           3       0.17      0.29      0.21       300
           4       0.08      0.05      0.06       300
           5       0.16      0.08      0.11       300
           6       0.20      0.07      0.10       298

    accuracy                           0.19      2098
   macro avg       0.18      0.19      0.16      2098
weighted avg       0.18      0.19      0.16      2098
