              precision    recall  f1-score   support

           0       0.30      0.75      0.43       900
           1       0.14      0.02      0.03       900
           2       0.27      0.05      0.09       900
           3       0.15      0.50      0.24       900
           4       0.05      0.01      0.01       900
           5       0.24      0.10      0.14       900
           6       0.33      0.14      0.19       898

    accuracy                           0.22      6298
   macro avg       0.21      0.22      0.16      6298
weighted avg       0.21      0.22      0.16      6298
