              precision    recall  f1-score   support

           0       0.57      0.83      0.68       300
           1       0.21      0.06      0.10       300
           2       0.34      0.22      0.27       300
           3       0.29      0.56      0.39       300
           4       0.25      0.07      0.11       300
           5       0.45      0.45      0.45       300
           6       0.67      0.95      0.79       298

    accuracy                           0.45      2098
   macro avg       0.40      0.45      0.40      2098
weighted avg       0.40      0.45      0.40      2098
