              precision    recall  f1-score   support

           0       0.34      0.68      0.45       300
           1       0.16      0.06      0.08       300
           2       0.29      0.21      0.24       300
           3       0.18      0.37      0.24       300
           4       0.20      0.07      0.10       300
           5       0.24      0.19      0.21       300
           6       0.14      0.10      0.12       298

    accuracy                           0.24      2098
   macro avg       0.22      0.24      0.21      2098
weighted avg       0.22      0.24      0.21      2098
