              precision    recall  f1-score   support

           0       0.45      0.63      0.53       300
           1       0.07      0.03      0.04       300
           2       0.27      0.21      0.23       300
           3       0.16      0.34      0.21       300
           4       0.17      0.08      0.11       300
           5       0.17      0.12      0.14       300
           6       0.27      0.31      0.29       298

    accuracy                           0.24      2098
   macro avg       0.22      0.24      0.22      2098
weighted avg       0.22      0.24      0.22      2098
