              precision    recall  f1-score   support

           0       0.42      0.63      0.50       300
           1       0.06      0.03      0.04       300
           2       0.26      0.21      0.23       300
           3       0.14      0.34      0.20       300
           4       0.18      0.05      0.08       300
           5       0.16      0.09      0.12       300
           6       0.28      0.27      0.27       298

    accuracy                           0.23      2098
   macro avg       0.21      0.23      0.21      2098
weighted avg       0.21      0.23      0.21      2098
