              precision    recall  f1-score   support

           0       0.31      0.70      0.43       300
           1       0.14      0.04      0.06       300
           2       0.29      0.24      0.26       300
           3       0.19      0.43      0.27       300
           4       0.07      0.00      0.01       300
           5       0.23      0.17      0.19       300
           6       0.14      0.09      0.11       298

    accuracy                           0.24      2098
   macro avg       0.20      0.24      0.19      2098
weighted avg       0.20      0.24      0.19      2098
