              precision    recall  f1-score   support

           0       0.56      0.79      0.66       300
           1       0.21      0.09      0.13       300
           2       0.33      0.28      0.30       300
           3       0.31      0.53      0.39       300
           4       0.26      0.08      0.12       300
           5       0.48      0.43      0.45       300
           6       0.70      0.96      0.81       298

    accuracy                           0.45      2098
   macro avg       0.41      0.45      0.41      2098
weighted avg       0.41      0.45      0.41      2098
