              precision    recall  f1-score   support

           0       0.29      0.80      0.43       900
           1       0.15      0.00      0.01       900
           2       0.18      0.00      0.01       900
           3       0.14      0.55      0.22       900
           4       0.00      0.00      0.00       900
           5       0.19      0.04      0.06       900
           6       0.32      0.02      0.04       898

    accuracy                           0.20      6298
   macro avg       0.18      0.20      0.11      6298
weighted avg       0.18      0.20      0.11      6298
