              precision    recall  f1-score   support

           0       0.39      0.67      0.49       150
           1       0.34      0.19      0.24       150
           2       0.27      0.13      0.18       150
           3       0.42      0.29      0.35       150
           4       0.47      0.11      0.18       150
           5       0.21      0.53      0.31       150
           6       0.36      0.53      0.43       150
           7       0.36      0.14      0.20       148

    accuracy                           0.32      1198
   macro avg       0.35      0.32      0.30      1198
weighted avg       0.35      0.32      0.30      1198
