              precision    recall  f1-score   support

           0       0.46      0.62      0.53       599
           1       0.26      0.27      0.26       600
           2       0.30      0.29      0.30       600
           3       0.66      0.42      0.51       600
           4       0.18      0.04      0.07       600
           5       0.31      0.34      0.32       600
           6       0.25      0.37      0.30       600
           7       0.26      0.30      0.28       597

    accuracy                           0.33      4796
   macro avg       0.33      0.33      0.32      4796
weighted avg       0.33      0.33      0.32      4796
