              precision    recall  f1-score   support

           0       0.36      0.43      0.39       900
           1       0.28      0.34      0.31       900
           2       0.33      0.34      0.34       900
           3       0.10      0.10      0.10       900
           4       0.30      0.31      0.31       900
           5       0.40      0.21      0.27       898

    accuracy                           0.29      5398
   macro avg       0.29      0.29      0.29      5398
weighted avg       0.29      0.29      0.29      5398
