              precision    recall  f1-score   support

           0       0.19      0.22      0.20       300
           1       0.22      0.30      0.25       300
           2       0.22      0.18      0.20       300
           3       0.10      0.11      0.10       300
           4       0.24      0.27      0.25       300
           5       0.27      0.10      0.14       298

    accuracy                           0.20      1798
   macro avg       0.20      0.20      0.19      1798
weighted avg       0.20      0.20      0.19      1798
