              precision    recall  f1-score   support

           0       0.22      0.26      0.24       300
           1       0.23      0.29      0.26       300
           2       0.20      0.14      0.17       300
           3       0.14      0.16      0.15       300
           4       0.22      0.25      0.24       300
           5       0.32      0.18      0.23       298

    accuracy                           0.21      1798
   macro avg       0.22      0.21      0.21      1798
weighted avg       0.22      0.21      0.21      1798
