              precision    recall  f1-score   support

           0       0.68      0.80      0.73       300
           1       0.44      0.50      0.47       300
           2       0.46      0.69      0.55       300
           3       0.08      0.05      0.06       300
           4       0.49      0.47      0.48       300
           5       0.54      0.29      0.38       298

    accuracy                           0.47      1798
   macro avg       0.45      0.47      0.45      1798
weighted avg       0.45      0.47      0.45      1798
