              precision    recall  f1-score   support

           0       0.25      0.44      0.32       900
           1       0.19      0.27      0.22       900
           2       0.20      0.08      0.12       900
           3       0.15      0.17      0.16       900
           4       0.23      0.23      0.23       900
           5       0.25      0.07      0.11       898

    accuracy                           0.21      5398
   macro avg       0.21      0.21      0.19      5398
weighted avg       0.21      0.21      0.19      5398
