              precision    recall  f1-score   support

           0       0.21      0.38      0.27       300
           1       0.19      0.31      0.23       300
           2       0.13      0.07      0.09       300
           3       0.12      0.13      0.13       300
           4       0.22      0.19      0.21       300
           5       0.22      0.04      0.06       298

    accuracy                           0.19      1798
   macro avg       0.18      0.19      0.17      1798
weighted avg       0.18      0.19      0.17      1798
