              precision    recall  f1-score   support

           0       0.20      0.38      0.26       300
           1       0.19      0.24      0.21       300
           2       0.19      0.07      0.10       300
           3       0.14      0.15      0.14       300
           4       0.22      0.23      0.23       300
           5       0.29      0.08      0.12       298

    accuracy                           0.19      1798
   macro avg       0.20      0.19      0.18      1798
weighted avg       0.20      0.19      0.18      1798
