              precision    recall  f1-score   support

           0       0.46      0.62      0.53       300
           1       0.29      0.46      0.36       300
           2       0.36      0.23      0.28       300
           3       0.19      0.23      0.21       300
           4       0.42      0.41      0.41       300
           5       0.45      0.09      0.16       298

    accuracy                           0.34      1798
   macro avg       0.36      0.34      0.32      1798
weighted avg       0.36      0.34      0.32      1798
