              precision    recall  f1-score   support

           0       0.33      0.47      0.39       900
           1       0.21      0.29      0.24       900
           2       0.36      0.09      0.14       900
           3       0.11      0.12      0.12       900
           4       0.23      0.39      0.29       900
           5       0.34      0.08      0.12       898

    accuracy                           0.24      5398
   macro avg       0.26      0.24      0.22      5398
weighted avg       0.26      0.24      0.22      5398
