              precision    recall  f1-score   support

           0       0.70      0.81      0.75       300
           1       0.55      0.52      0.54       300
           2       0.42      0.75      0.54       300
           3       0.12      0.09      0.11       300
           4       0.49      0.42      0.45       300
           5       0.58      0.29      0.38       298

    accuracy                           0.48      1798
   macro avg       0.48      0.48      0.46      1798
weighted avg       0.48      0.48      0.46      1798
