              precision    recall  f1-score   support

           0       0.35      0.39      0.37       300
           1       0.23      0.38      0.28       300
           2       0.30      0.20      0.24       300
           3       0.06      0.05      0.05       300
           4       0.37      0.45      0.40       300
           5       0.65      0.32      0.43       298

    accuracy                           0.30      1798
   macro avg       0.32      0.30      0.30      1798
weighted avg       0.32      0.30      0.30      1798
