              precision    recall  f1-score   support

           0       0.25      0.34      0.29       300
           1       0.22      0.41      0.29       300
           2       0.22      0.07      0.11       300
           3       0.15      0.17      0.16       300
           4       0.22      0.25      0.23       300
           5       0.26      0.06      0.10       298

    accuracy                           0.22      1798
   macro avg       0.22      0.22      0.20      1798
weighted avg       0.22      0.22      0.20      1798
