              precision    recall  f1-score   support

           0       0.34      0.40      0.36       300
           1       0.22      0.36      0.27       300
           2       0.29      0.18      0.22       300
           3       0.06      0.05      0.06       300
           4       0.39      0.47      0.43       300
           5       0.71      0.31      0.43       298

    accuracy                           0.30      1798
   macro avg       0.33      0.30      0.30      1798
weighted avg       0.33      0.30      0.30      1798
