              precision    recall  f1-score   support

           0       0.73      0.78      0.75       300
           1       0.61      0.61      0.61       300
           2       0.49      0.86      0.62       300
           3       0.13      0.10      0.11       300
           4       0.45      0.42      0.43       300
           5       0.58      0.25      0.35       298

    accuracy                           0.50      1798
   macro avg       0.50      0.50      0.48      1798
weighted avg       0.50      0.50      0.48      1798
