              precision    recall  f1-score   support

           0       0.24      0.38      0.29       300
           1       0.23      0.45      0.31       300
           2       0.27      0.03      0.06       300
           3       0.15      0.16      0.15       300
           4       0.22      0.24      0.23       300
           5       0.30      0.06      0.10       298

    accuracy                           0.22      1798
   macro avg       0.23      0.22      0.19      1798
weighted avg       0.23      0.22      0.19      1798
