              precision    recall  f1-score   support

           0       0.29      0.47      0.36       900
           1       0.22      0.36      0.28       900
           2       0.38      0.03      0.06       900
           3       0.09      0.08      0.08       900
           4       0.24      0.42      0.31       900
           5       0.19      0.00      0.01       898

    accuracy                           0.23      5398
   macro avg       0.24      0.23      0.18      5398
weighted avg       0.24      0.23      0.18      5398
