              precision    recall  f1-score   support

           0       0.50      0.21      0.30       300
           1       0.31      0.40      0.35       300
           2       0.23      0.15      0.18       300
           3       0.35      0.79      0.48       300
           4       0.04      0.02      0.03       300
           5       0.24      0.24      0.24       300
           6       0.34      0.27      0.30       300
           7       0.34      0.32      0.33       298

    accuracy                           0.30      2398
   macro avg       0.29      0.30      0.28      2398
weighted avg       0.29      0.30      0.28      2398
