              precision    recall  f1-score   support

           0       0.31      0.43      0.36       900
           1       0.30      0.24      0.26       900
           2       0.29      0.18      0.22       900
           3       0.10      0.10      0.10       900
           4       0.19      0.19      0.19       900
           5       0.23      0.25      0.24       900
           6       0.30      0.32      0.31       898

    accuracy                           0.24      6298
   macro avg       0.24      0.24      0.24      6298
weighted avg       0.24      0.24      0.24      6298
