              precision    recall  f1-score   support

           0       0.20      0.33      0.25       300
           1       0.15      0.10      0.12       300
           2       0.22      0.16      0.19       300
           3       0.14      0.15      0.15       300
           4       0.11      0.09      0.10       300
           5       0.17      0.19      0.18       300
           6       0.31      0.31      0.31       298

    accuracy                           0.19      2098
   macro avg       0.19      0.19      0.18      2098
weighted avg       0.19      0.19      0.18      2098
