              precision    recall  f1-score   support

           0       0.61      0.74      0.67       300
           1       0.41      0.30      0.35       300
           2       0.45      0.30      0.36       300
           3       0.03      0.01      0.02       300
           4       0.22      0.29      0.25       300
           5       0.26      0.35      0.30       300
           6       0.36      0.47      0.41       298

    accuracy                           0.35      2098
   macro avg       0.34      0.35      0.34      2098
weighted avg       0.34      0.35      0.34      2098
