              precision    recall  f1-score   support

           0       0.20      0.26      0.23       300
           1       0.22      0.16      0.19       300
           2       0.20      0.15      0.17       300
           3       0.09      0.14      0.11       300
           4       0.23      0.20      0.21       300
           5       0.17      0.20      0.18       300
           6       0.16      0.12      0.14       298

    accuracy                           0.18      2098
   macro avg       0.18      0.18      0.18      2098
weighted avg       0.18      0.18      0.18      2098
