              precision    recall  f1-score   support

           0       0.17      0.43      0.24       300
           1       0.16      0.12      0.14       300
           2       0.15      0.10      0.12       300
           3       0.11      0.18      0.13       300
           4       0.23      0.11      0.15       300
           5       0.13      0.07      0.09       300
           6       0.16      0.06      0.08       298

    accuracy                           0.15      2098
   macro avg       0.16      0.15      0.14      2098
weighted avg       0.16      0.15      0.14      2098
