              precision    recall  f1-score   support

           0       0.21      0.53      0.30       900
           1       0.18      0.11      0.14       900
           2       0.18      0.10      0.12       900
           3       0.12      0.21      0.16       900
           4       0.20      0.11      0.14       900
           5       0.21      0.13      0.16       900
           6       0.22      0.09      0.13       898

    accuracy                           0.18      6298
   macro avg       0.19      0.18      0.16      6298
weighted avg       0.19      0.18      0.16      6298
