              precision    recall  f1-score   support

           0       0.17      0.47      0.25       300
           1       0.16      0.08      0.11       300
           2       0.21      0.13      0.16       300
           3       0.13      0.17      0.14       300
           4       0.20      0.13      0.16       300
           5       0.14      0.10      0.12       300
           6       0.25      0.12      0.16       298

    accuracy                           0.17      2098
   macro avg       0.18      0.17      0.16      2098
weighted avg       0.18      0.17      0.16      2098
