              precision    recall  f1-score   support

           0       0.44      0.75      0.55       300
           1       0.34      0.20      0.25       300
           2       0.32      0.13      0.18       300
           3       0.06      0.05      0.06       300
           4       0.28      0.40      0.33       300
           5       0.26      0.35      0.30       300
           6       0.35      0.26      0.30       298

    accuracy                           0.31      2098
   macro avg       0.29      0.31      0.28      2098
weighted avg       0.29      0.31      0.28      2098
