              precision    recall  f1-score   support

           0       0.23      0.63      0.34       900
           1       0.12      0.02      0.03       900
           2       0.28      0.03      0.05       900
           3       0.12      0.27      0.16       900
           4       0.18      0.10      0.12       900
           5       0.19      0.09      0.12       900
           6       0.28      0.19      0.23       898

    accuracy                           0.19      6298
   macro avg       0.20      0.19      0.15      6298
weighted avg       0.20      0.19      0.15      6298
