              precision    recall  f1-score   support

           0       0.59      0.88      0.71       300
           1       0.42      0.21      0.28       300
           2       0.49      0.26      0.34       300
           3       0.01      0.01      0.01       300
           4       0.19      0.22      0.20       300
           5       0.27      0.31      0.29       300
           6       0.37      0.53      0.44       298

    accuracy                           0.35      2098
   macro avg       0.34      0.35      0.32      2098
weighted avg       0.34      0.35      0.32      2098
