              precision    recall  f1-score   support

           0       0.27      0.53      0.36       300
           1       0.19      0.07      0.11       300
           2       0.18      0.06      0.09       300
           3       0.12      0.15      0.13       300
           4       0.15      0.14      0.14       300
           5       0.23      0.18      0.20       300
           6       0.43      0.58      0.49       298

    accuracy                           0.24      2098
   macro avg       0.22      0.24      0.22      2098
weighted avg       0.22      0.24      0.22      2098
