              precision    recall  f1-score   support

           0       0.23      0.45      0.31       300
           1       0.17      0.06      0.09       300
           2       0.16      0.06      0.09       300
           3       0.09      0.19      0.12       300
           4       0.22      0.20      0.21       300
           5       0.14      0.09      0.11       300
           6       0.21      0.16      0.18       298

    accuracy                           0.17      2098
   macro avg       0.17      0.17      0.16      2098
weighted avg       0.17      0.17      0.16      2098
