              precision    recall  f1-score   support

           0       0.28      0.62      0.39       300
           1       0.22      0.08      0.12       300
           2       0.16      0.04      0.07       300
           3       0.13      0.16      0.14       300
           4       0.16      0.14      0.15       300
           5       0.22      0.18      0.20       300
           6       0.43      0.57      0.49       298

    accuracy                           0.25      2098
   macro avg       0.23      0.25      0.22      2098
weighted avg       0.23      0.25      0.22      2098
