              precision    recall  f1-score   support

           0       0.61      0.85      0.71       300
           1       0.43      0.24      0.31       300
           2       0.48      0.32      0.39       300
           3       0.02      0.01      0.01       300
           4       0.18      0.21      0.19       300
           5       0.27      0.31      0.29       300
           6       0.38      0.55      0.45       298

    accuracy                           0.35      2098
   macro avg       0.34      0.35      0.33      2098
weighted avg       0.34      0.35      0.33      2098
