              precision    recall  f1-score   support

           0       0.23      0.49      0.31       300
           1       0.22      0.08      0.12       300
           2       0.16      0.05      0.08       300
           3       0.10      0.19      0.13       300
           4       0.21      0.19      0.20       300
           5       0.10      0.06      0.07       300
           6       0.23      0.16      0.19       298

    accuracy                           0.18      2098
   macro avg       0.18      0.18      0.16      2098
weighted avg       0.18      0.18      0.16      2098
