              precision    recall  f1-score   support

           0       0.23      0.70      0.34       900
           1       0.04      0.00      0.00       900
           2       0.35      0.01      0.02       900
           3       0.11      0.25      0.15       900
           4       0.20      0.10      0.13       900
           5       0.23      0.10      0.14       900
           6       0.30      0.20      0.24       898

    accuracy                           0.19      6298
   macro avg       0.21      0.19      0.15      6298
weighted avg       0.21      0.19      0.15      6298
